16
0 20 76 99 50 55 69 73 73 80 47 39 59 62 41 37
20 0 78 50 41 27 31 71 55 31 74 22 43 49 80 37
76 78 0 84 34 43 43 33 41 49 66 59 56 67 62 59
99 50 84 0 30 76 65 44 75 65 83 55 40 43 43 83
50 41 34 30 0 37 68 23 48 25 27 30 40 72 31 48
55 27 43 76 37 0 80 79 44 22 26 74 95 63 88 31
69 31 43 65 68 80 0 69 79 62 36 63 46 72 56 39
73 71 33 44 23 79 69 0 34 24 51 54 44 50 23 80
73 55 41 75 48 44 79 34 0 71 55 56 83 49 66 70
80 31 49 65 25 22 62 24 71 0 37 68 50 48 57 44
47 74 66 83 27 26 36 51 55 37 0 29 46 34 21 37
39 22 59 55 30 74 63 54 56 68 29 0 75 47 39 43
59 43 56 40 40 95 46 44 83 50 46 75 0 61 38 47
62 49 67 43 72 63 72 50 49 48 34 47 61 0 52 10
41 80 62 43 31 88 56 23 66 57 21 39 38 52 0 69
37 37 59 83 48 31 39 80 70 44 37 43 47 10 69 0
